usecolor=0;
ilacemode=0;
usekeystone=1;
gamma=2.0; density=1.5;
framepervol=8; hwsync_frame0=3;
hwsync_phase=8.000000; hwsync_levthresh=384;
hwsync_amp0=1.000000; hwsync_pha0=0;
hwsync_amp1=1.000000; hwsync_pha1=0;
hwsync_amp2=1.000000; hwsync_pha2=0;
hwsync_amp3=1.000000; hwsync_pha3=0;
voxie_vol=42.60;
sndfx_vol=50.00;
emuhang=25.0; emuvang=-45.0; emudist=1350; //initial camera angle&pos for emulation (horiz/vert, degrees), camera distance
aspx=1.00; aspy=1.00; aspz=0.40;
drawstroke=3; dither=3;
smear=0;
flip=0;
proj0x0= 139.08; proj0y0=  79.00; proj0x2= 596.19; proj0y2=  96.75;
proj0x1=  91.08; proj0y1=  -2.51; proj0x3= 616.32; proj0y3=   3.92;
proj0x6= 162.79; proj0y6= 969.22; proj0x4= 581.82; proj0y4= 971.40;
proj0x7= 120.36; proj0y7= 999.91; proj0x5= 601.75; proj0y5=1002.68;
colo0_r=255; colo0_g=255; colo0_b=155;
mono0_r=160; mono0_g=160; mono0_b=160;
mirror0x=0; mirror0y=1;
